0
230
268
286
522
634
640
641
642
692
826
827
940
949
962
1067
1261
1262
1263
1265
1267
1269
1271
1273
1275
1278
1279
1280
1284
1295
1296
1297
1298
1299
1300
1301
1302
1303
1304
1305
1306
1307
1411
1412
1413
1414
1429
1430
1434
1435
1436
1437
1438
1439
1440
1441
1442
1443
1444
1445
1446
1447
1448
1449
1450
1451
1452
1453
1454
1455
1456
1457
1458
1459
1460
1461
14621463
1464
1465
1466
1467
1468
1469
1470
1471
1472
1473
1474
1475
1476
1477
1478
1479
1480
1481
1484
1485
--1486
--1488
1498
1500
1510
1511
1512
1513
1515
1516
1517
1518
1519
1520
--1521
--1522
1523
1524
1525
1526
